iterMax=10
criter=0.01
particle size=5
testSize=5000
optimized vector=Vector{1.3114257,0.48476484,4.5830536,2.5127244,3.0482676,}
time=255335
