iterMax=10
criter=0.01
particle size=5
testSize=5000
gBestVal=0.4064
optimized vector=Vector{0.8562081,0.41960043,0.86243546,0.028367221,0.7521803,}
time=291727
